1 NAN 1
1 344 0
1 371 0
1 721 0
1 722 0
1 742 0
1 743 0
1 745 0
745 794 0
745 794 1
1 746 0
1 747 0
1 748 0
1 750 0
1 751 0
1 760 0
1 763 0
1 768 0
1 777 0
1 779 0
1 784 0
1 785 0
1 786 0
1 787 0
1 823 0
1 860 0
1 891 0
1 913 0
1 1044 0
1 1055 0
1 1063 0
1 1073 0
1073 1462 0
1462 1570 0
1570 1572 0
1570 1591 0
1591 1658 0
1591 1658 1
1570 1572 1
1462 1570 1
1073 1462 1
1 1100 0
1 1191 0
1 1407 0
1 1474 0
1474 1475 0
1474 1480 0
1474 1482 0
1474 1485 0
1474 1506 0
1506 1823 0
1506 1823 1
1474 1511 0
1474 1518 0
1474 1525 0
1474 1530 0
1474 1535 0
1474 1543 0
1474 1547 0
1474 1554 0
1474 1676 0
1676 1681 0
1676 1681 1
1474 1689 0
1474 1696 0
1696 1874 0
1696 1884 0
1696 3114 0
1696 1874 1
1474 1710 0
1710 1736 0
1736 1740 0
1736 1741 0
1736 1976 0
1736 1740 1
1710 1736 1
1474 1743 0
1474 1746 0
1474 1757 0
1474 1761 0
1474 1772 0
1474 1782 0
1474 1763 0
1474 1788 0
1474 1795 0
1474 1811 0
1474 1833 0
1474 1834 0
1474 1837 0
1474 1840 0
1474 1843 0
1474 1844 0
1474 1851 0
1474 1852 0
1474 1854 0
1474 1855 0
1474 1856 0
1474 1857 0
1474 1859 0
1474 1864 0
1474 1867 0
1474 1871 0
1474 1873 0
1474 1953 0
1474 1969 0
1474 2006 0
1474 2128 0
1474 2132 0
1474 2962 0
2962 18529 0
18529 23266 0
23266 23273 0
23273 23274 0
23274 23275 0
23275 23276 0
23276 23277 0
23276 23277 1
23275 23276 1
23274 23275 1
23273 23274 1
23266 23273 1
18529 23266 1
2962 18529 1
1474 3110 0
1474 3120 0
3120 3125 0
3120 3126 0
3120 3141 0
3141 3169 0
3141 3169 1
3120 3142 0
3142 3143 0
3142 3146 0
3146 3181 0
3146 3293 0
3146 3334 0
3146 3474 0
3146 3792 0
3146 4262 0
3146 4276 0
3146 4291 0
3146 7061 0
3146 7086 0
3146 7113 0
3146 7192 0
3146 7218 0
3146 7246 0
3146 7264 0
3146 7310 0
3146 7324 0
3146 7338 0
3146 7356 0
3146 7371 0
3146 7395 0
3146 7406 0
3146 7413 0
3146 7416 0
3146 7423 0
3146 7465 0
3146 7477 0
3146 7482 0
3146 7539 0
3146 7546 0
3146 7570 0
3146 7582 0
3146 7804 0
3146 8246 0
3146 9163 0
3146 9251 0
3146 9265 0
3146 9277 0
3146 9283 0
3146 9340 0
3146 9354 0
3146 9368 0
3146 9389 0
3146 10011 0
3146 10466 0
3146 10785 0
3146 10831 0
3146 10848 0
3146 10888 0
3146 10902 0
3146 12216 0
3146 12915 0
3146 13393 0
3146 13872 0
3146 15588 0
3146 15679 0
3146 15723 0
3146 15821 0
3146 15915 0
3146 16277 0
3146 16913 0
3146 17157 0
3146 17172 0
3146 17288 0
3146 20051 0
3146 20200 0
3146 20599 0
3146 22267 0
3146 3181 1
3142 3143 1
3120 3125 1
1474 3133 0
1474 3135 0
1474 8160 0
1474 23170 0
1474 1475 1
1 1488 0
